ACC:0.0,0.0,0.0,1392863542295
ACC:0.0,0.0,0.0,1392863542401
ACC:0.0,0.0,0.0,1392863542575
ACC:0.0,0.0,0.0,1392863542627
ACC:0.0,0.0,0.0,1392863542634
ACC:0.0,0.0,0.0,1392863542654
ACC:0.0,0.0,0.0,1392863542674
ACC:0.0,0.0,0.0,1392863542695
ACC:0.0,0.0,0.0,1392863542721
ACC:0.0,0.0,0.0,1392863542739
ACC:0.0,0.0,0.0,1392863542777
ACC:0.0,0.0,0.0,1392863542806
ACC:0.0,0.0,0.0,1392863542836
ACC:0.0,0.0,0.0,1392863542877
ACC:0.0,0.0,0.0,1392863543116
ACC:0.0,0.0,0.0,1392863543135
ACC:0.0,0.0,0.0,1392863543157
ACC:0.0,0.0,0.0,1392863543256
GPS:34.019958,-118.2897697,1392863543265
ACC:0.0,0.0,0.0,1392863543305
ACC:0.0,0.0,0.0,1392863543315
ACC:0.0,0.0,0.0,1392863543462
ACC:0.0,0.0,0.0,1392863543480
ACC:0.0,0.0,0.0,1392863543537
ACC:0.0,0.0,0.0,1392863543537
ACC:0.0,0.0,0.0,1392863543582
ACC:0.0,0.0,0.0,1392863543604
ACC:0.0,0.0,0.0,1392863543625
ACC:0.0,0.0,0.0,1392863543636
ACC:0.0,0.0,0.0,1392863543676
ACC:0.0,0.0,0.0,1392863543722
ACC:0.0,0.0,0.0,1392863543745
ACC:0.0,0.0,0.0,1392863543760
ACC:0.0,0.0,0.0,1392863543776
ACC:0.0,0.0,0.0,1392863543795
ACC:0.0,0.0,0.0,1392863543816
ACC:0.0,0.0,0.0,1392863543836
ACC:0.0,0.0,0.0,1392863543858
ACC:0.0,0.0,0.0,1392863543876
ACC:0.0,0.0,0.0,1392863543895
ACC:0.0,0.0,0.0,1392863543915
ACC:0.0,0.0,0.0,1392863543935
ACC:0.0,0.0,0.0,1392863543960
ACC:0.0,0.0,0.0,1392863543978
ACC:0.0,0.0,0.0,1392863543998
ACC:0.0,0.0,0.0,1392863544015
ACC:0.0,0.0,0.0,1392863544035
ACC:0.0,0.0,0.0,1392863544059
ACC:0.0,0.0,0.0,1392863544083
ACC:0.0,0.0,0.0,1392863544097
ACC:0.0,0.0,0.0,1392863544116
ACC:0.0,0.0,0.0,1392863544155
ACC:0.0,0.0,0.0,1392863544183
ACC:0.0,0.0,0.0,1392863544196
ACC:0.0,0.0,0.0,1392863544217
ACC:0.0,0.0,0.0,1392863544249
ACC:0.0,0.0,0.0,1392863544257
ACC:0.0,0.0,0.0,1392863544322
ACC:0.0,0.0,0.0,1392863544377
ACC:0.0,0.0,0.0,1392863544396
ACC:0.0,0.0,0.0,1392863544423
ACC:0.0,0.0,0.0,1392863544441
ACC:0.0,0.0,0.0,1392863544454
ACC:0.0,0.0,0.0,1392863544474
ACC:0.0,0.0,0.0,1392863544494
ACC:0.0,0.0,0.0,1392863544515
ACC:0.0,0.0,0.0,1392863544538
ACC:0.0,0.0,0.0,1392863544555
ACC:0.0,0.0,0.0,1392863544579
ACC:0.0,0.0,0.0,1392863544595
ACC:0.0,0.0,0.0,1392863544615
ACC:0.0,0.0,0.0,1392863544646
ACC:0.0,0.0,0.0,1392863544657
ACC:0.0,0.0,0.0,1392863544674
ACC:0.0,0.0,0.0,1392863544695
ACC:0.0,0.0,0.0,1392863544738
ACC:0.0,0.0,0.0,1392863544754
ACC:0.0,0.0,0.0,1392863544795
ACC:0.0,0.0,0.0,1392863544823
ACC:0.0,0.0,0.0,1392863544855
ACC:0.0,0.0,0.0,1392863545125
ACC:0.0,0.0,0.0,1392863545224
ACC:0.0,0.0,0.0,1392863545324
ACC:0.0,0.0,0.0,1392863545561
ACC:0.0,0.0,0.0,1392863545725
ACC:0.0,0.0,0.0,1392863545824
ACC:0.0,0.0,0.0,1392863545925
ACC:0.0,0.0,0.0,1392863546024
ACC:0.0,0.0,0.0,1392863546131
ACC:0.0,0.0,0.0,1392863546724
GPS:34.01995806,-118.28976958,1392863546196
ACC:0.0,0.0,0.0,1392863547126
ACC:0.0,0.0,0.0,1392863547225
ACC:0.0,0.0,0.0,1392863547334
ACC:0.0,0.0,0.0,1392863547427
ACC:0.0,0.0,0.0,1392863547525
ACC:0.0,0.0,0.0,1392863547625
ACC:0.0,0.0,0.0,1392863547725
ACC:0.0,0.0,0.0,1392863547924
ACC:0.0,0.0,0.0,1392863548127
ACC:0.0,0.0,0.0,1392863548224
ACC:0.0,0.0,0.0,1392863548324
ACC:0.0,0.0,0.0,1392863548424
ACC:0.0,0.0,0.0,1392863548529
ACC:0.0,0.0,0.0,1392863548646
ACC:0.0,0.0,0.0,1392863548732
ACC:0.0,0.0,0.0,1392863548827
ACC:0.0,0.0,0.0,1392863548927
ACC:0.0,0.0,0.0,1392863549026
GPS:34.01995813,-118.28976948,1392863549075
ACC:0.0,0.0,0.0,1392863549125
ACC:0.0,0.0,0.0,1392863549229
ACC:0.0,0.0,0.0,1392863549326
ACC:0.0,0.0,0.0,1392863549426
ACC:0.0,0.0,0.0,1392863549527
ACC:0.0,0.0,0.0,1392863549627
ACC:0.0,0.0,0.0,1392863549731
ACC:0.0,0.0,0.0,1392863549835
ACC:0.0,0.0,0.0,1392863549927
ACC:0.0,0.0,0.0,1392863550029
ACC:0.0,0.0,0.0,1392863550276
ACC:0.0,0.0,0.0,1392863550300
ACC:0.0,0.0,0.0,1392863550316
ACC:0.0,0.0,0.0,1392863550340
ACC:0.0,0.0,0.0,1392863550364
ACC:0.0,0.0,0.0,1392863550382
ACC:0.0,0.0,0.0,1392863550399
ACC:0.0,0.0,0.0,1392863550456
ACC:0.0,0.0,0.0,1392863550482
ACC:0.0,0.0,0.0,1392863550502
ACC:0.0,0.0,0.0,1392863550535
ACC:0.0,0.0,0.0,1392863550555
ACC:0.0,0.0,0.0,1392863550583
ACC:0.0,0.0,0.0,1392863550595
ACC:0.0,0.0,0.0,1392863550617
ACC:0.0,0.0,0.0,1392863550646
ACC:0.0,0.0,0.0,1392863550666
ACC:0.0,0.0,0.0,1392863550682
ACC:0.0,0.0,0.0,1392863550698
ACC:0.0,0.0,0.0,1392863550716
ACC:0.0,0.0,0.0,1392863550737
ACC:0.0,0.0,0.0,1392863550765
ACC:0.0,0.0,0.0,1392863550795
ACC:0.0,0.0,0.0,1392863550878
ACC:0.0,0.0,0.0,1392863550897
ACC:0.0,0.0,0.0,1392863550915
ACC:0.0,0.0,0.0,1392863550937
ACC:0.0,0.0,0.0,1392863550959
ACC:0.0,0.0,0.0,1392863550979
ACC:0.0,0.0,0.0,1392863551003
ACC:0.0,0.0,0.0,1392863551016
ACC:0.0,0.0,0.0,1392863551036
ACC:0.0,0.0,0.0,1392863551059
ACC:0.0,0.0,0.0,1392863551080
ACC:0.0,0.0,0.0,1392863551100
ACC:0.0,0.0,0.0,1392863551116
ACC:0.0,0.0,0.0,1392863551136
ACC:0.0,0.0,0.0,1392863551158
ACC:0.0,0.0,0.0,1392863551175
ACC:0.0,0.0,0.0,1392863551196
ACC:0.0,0.0,0.0,1392863551216
ACC:0.0,0.0,0.0,1392863551241
ACC:0.0,0.0,0.0,1392863551262
ACC:0.0,0.0,0.0,1392863551280
ACC:0.0,0.0,0.0,1392863551296
ACC:0.0,0.0,0.0,1392863551316
ACC:0.0,0.0,0.0,1392863551344
ACC:0.0,0.0,0.0,1392863551362
ACC:0.0,0.0,0.0,1392863551378
ACC:0.0,0.0,0.0,1392863551398
ACC:0.0,0.0,0.0,1392863551427
ACC:0.0,0.0,0.0,1392863551446
ACC:0.0,0.0,0.0,1392863551456
ACC:0.0,0.0,0.0,1392863551480
ACC:0.0,0.0,0.0,1392863551518
ACC:0.0,0.0,0.0,1392863551547
ACC:0.0,0.0,0.0,1392863551558
ACC:0.0,0.0,0.0,1392863551583
ACC:0.0,0.0,0.0,1392863551603
ACC:0.0,0.0,0.0,1392863551625
ACC:0.0,0.0,0.0,1392863551651
ACC:0.0,0.0,0.0,1392863551659
ACC:0.0,0.0,0.0,1392863551684
ACC:0.0,0.0,0.0,1392863551717
ACC:0.0,0.0,0.0,1392863551747
ACC:0.0,0.0,0.0,1392863551757
ACC:0.0,0.0,0.0,1392863551782
ACC:0.0,0.0,0.0,1392863551813
ACC:0.0,0.0,0.0,1392863551822
ACC:0.0,0.0,0.0,1392863551867
ACC:0.0,0.0,0.0,1392863551897
ACC:0.0,0.0,0.0,1392863551926
ACC:0.0,0.0,0.0,1392863551935
ACC:0.0,0.0,0.0,1392863551961
ACC:0.0,0.0,0.0,1392863551986
ACC:0.0,0.0,0.0,1392863552003
ACC:0.0,0.0,0.0,1392863552022
ACC:0.0,0.0,0.0,1392863552038
ACC:0.0,0.0,0.0,1392863552060
ACC:0.0,0.0,0.0,1392863552097
GPS:34.01995812,-118.28976948,1392863552098
ACC:0.0,0.0,0.0,1392863552136
ACC:0.0,0.0,0.0,1392863552156
ACC:0.0,0.0,0.0,1392863552176
ACC:0.0,0.0,0.0,1392863552199
ACC:0.0,0.0,0.0,1392863552218
ACC:0.0,0.0,0.0,1392863552236
ACC:0.0,0.0,0.0,1392863552258
ACC:0.0,0.0,0.0,1392863552285
ACC:0.0,0.0,0.0,1392863552321
ACC:0.0,0.0,0.0,1392863552336
ACC:0.0,0.0,0.0,1392863552356
ACC:0.0,0.0,0.0,1392863552375
ACC:0.0,0.0,0.0,1392863552397
ACC:0.0,0.0,0.0,1392863552417
ACC:0.0,0.0,0.0,1392863552436
ACC:0.0,0.0,0.0,1392863552460
ACC:0.0,0.0,0.0,1392863552477
ACC:0.0,0.0,0.0,1392863552497
ACC:0.0,0.0,0.0,1392863552516
ACC:0.0,0.0,0.0,1392863552535
ACC:0.0,0.0,0.0,1392863552555
ACC:0.0,0.0,0.0,1392863552582
ACC:0.0,0.0,0.0,1392863552598
ACC:0.0,0.0,0.0,1392863552616
ACC:0.0,0.0,0.0,1392863552636
ACC:0.0,0.0,0.0,1392863552656
ACC:0.0,0.0,0.0,1392863552683
ACC:0.0,0.0,0.0,1392863552706
ACC:0.0,0.0,0.0,1392863552715
ACC:0.0,0.0,0.0,1392863552738
ACC:0.0,0.0,0.0,1392863552770
ACC:0.0,0.0,0.0,1392863552776
ACC:0.0,0.0,0.0,1392863552797
ACC:0.0,0.0,0.0,1392863552838
ACC:0.0,0.0,0.0,1392863552878
ACC:0.0,0.0,0.0,1392863552900
ACC:0.0,0.0,0.0,1392863552917
ACC:0.0,0.0,0.0,1392863552944
ACC:0.0,0.0,0.0,1392863552965
ACC:0.0,0.0,0.0,1392863552980
ACC:0.0,0.0,0.0,1392863553035
ACC:0.0,0.0,0.0,1392863553062
ACC:0.0,0.0,0.0,1392863553079
ACC:0.0,0.0,0.0,1392863553102
ACC:0.0,0.0,0.0,1392863553126
ACC:0.0,0.0,0.0,1392863553142
ACC:0.0,0.0,0.0,1392863553159
ACC:0.0,0.0,0.0,1392863553178
ACC:0.0,0.0,0.0,1392863553196
ACC:0.0,0.0,0.0,1392863553270
ACC:0.0,0.0,0.0,1392863553275
ACC:0.0,0.0,0.0,1392863553295
ACC:0.0,0.0,0.0,1392863553315
ACC:0.0,0.0,0.0,1392863553343
ACC:0.0,0.0,0.0,1392863553358
ACC:0.0,0.0,0.0,1392863553375
ACC:0.0,0.0,0.0,1392863553395
ACC:0.0,0.0,0.0,1392863553415
ACC:0.0,0.0,0.0,1392863553441
ACC:0.0,0.0,0.0,1392863553458
ACC:0.0,0.0,0.0,1392863553475
ACC:0.0,0.0,0.0,1392863553495
ACC:0.0,0.0,0.0,1392863553517
ACC:0.0,0.0,0.0,1392863553549
ACC:0.0,0.0,0.0,1392863553556
ACC:0.0,0.0,0.0,1392863553576
ACC:0.0,0.0,0.0,1392863553596
ACC:0.0,0.0,0.0,1392863553625
ACC:0.0,0.0,0.0,1392863553645
ACC:0.0,0.0,0.0,1392863553662
ACC:0.0,0.0,0.0,1392863553677
ACC:0.0,0.0,0.0,1392863553695
ACC:0.0,0.0,0.0,1392863553724
ACC:0.0,0.0,0.0,1392863553744
ACC:0.0,0.0,0.0,1392863553817
ACC:0.0,0.0,0.0,1392863553826
ACC:0.0,0.0,0.0,1392863554088
ACC:0.0,0.0,0.0,1392863554214
ACC:0.0,0.0,0.0,1392863554293
ACC:0.0,0.0,0.0,1392863554390
ACC:0.0,0.0,0.0,1392863554490
ACC:0.0,0.0,0.0,1392863554593
ACC:0.0,0.0,0.0,1392863554708
ACC:0.0,0.0,0.0,1392863554793
ACC:0.0,0.0,0.0,1392863554893
ACC:0.0,0.0,0.0,1392863554992
ACC:0.0,0.0,0.0,1392863555091
GPS:34.01995832,-118.28976935,1392863555158
ACC:0.0,0.0,0.0,1392863555199
ACC:0.0,0.0,0.0,1392863555288
ACC:0.0,0.0,0.0,1392863555390
ACC:0.0,0.0,0.0,1392863555491
ACC:0.0,0.0,0.0,1392863555601
ACC:0.0,0.0,0.0,1392863555696
ACC:0.0,0.0,0.0,1392863555790
ACC:0.0,0.0,0.0,1392863555895
ACC:0.0,0.0,0.0,1392863555995
ACC:0.0,0.0,0.0,1392863556096
ACC:0.0,0.0,0.0,1392863556193
ACC:0.0,0.0,0.0,1392863556289
ACC:0.0,0.0,0.0,1392863556389
ACC:0.0,0.0,0.0,1392863556488
ACC:0.0,0.0,0.0,1392863556590
ACC:0.0,0.0,0.0,1392863556704
ACC:0.0,0.0,0.0,1392863556794
ACC:0.0,0.0,0.0,1392863556990
ACC:0.0,0.0,0.0,1392863557089
ACC:0.0,0.0,0.0,1392863557202
ACC:0.0,0.0,0.0,1392863557289
ACC:0.0,0.0,0.0,1392863557388
ACC:0.0,0.0,0.0,1392863557488
ACC:0.0,0.0,0.0,1392863557590
ACC:0.0,0.0,0.0,1392863557692
ACC:0.0,0.0,0.0,1392863557789
ACC:0.0,0.0,0.0,1392863557893
ACC:0.0,0.0,0.0,1392863558089
GPS:34.0199585,-118.28976925,1392863558113
ACC:0.0,0.0,0.0,1392863558188
ACC:0.0,0.0,0.0,1392863558288
ACC:0.0,0.0,0.0,1392863558388
ACC:0.0,0.0,0.0,1392863558489
ACC:0.0,0.0,0.0,1392863558590
ACC:0.0,0.0,0.0,1392863558706
ACC:0.0,0.0,0.0,1392863558794
ACC:0.0,0.0,0.0,1392863558992
ACC:0.0,0.0,0.0,1392863559209
ACC:0.0,0.0,0.0,1392863559282
ACC:0.0,0.0,0.0,1392863559305
ACC:0.0,0.0,0.0,1392863559336
ACC:0.0,0.0,0.0,1392863559364
ACC:0.0,0.0,0.0,1392863559383
ACC:0.0,0.0,0.0,1392863559443
ACC:0.0,0.0,0.0,1392863559485
ACC:0.0,0.0,0.0,1392863559503
ACC:0.0,0.0,0.0,1392863559530
ACC:0.0,0.0,0.0,1392863559548
ACC:0.0,0.0,0.0,1392863559566
ACC:0.0,0.0,0.0,1392863559609
ACC:0.0,0.0,0.0,1392863559637
ACC:0.0,0.0,0.0,1392863559643
ACC:0.0,0.0,0.0,1392863559662
ACC:0.0,0.0,0.0,1392863559682
ACC:0.0,0.0,0.0,1392863559704
ACC:0.0,0.0,0.0,1392863559725
ACC:0.0,0.0,0.0,1392863559751
ACC:0.0,0.0,0.0,1392863559763
ACC:0.0,0.0,0.0,1392863559790
ACC:0.0,0.0,0.0,1392863559802
ACC:0.0,0.0,0.0,1392863559826
ACC:0.0,0.0,0.0,1392863559850
ACC:0.0,0.0,0.0,1392863559864
ACC:0.0,0.0,0.0,1392863559888
ACC:0.0,0.0,0.0,1392863559924
ACC:0.0,0.0,0.0,1392863559954
ACC:0.0,0.0,0.0,1392863559965
ACC:0.0,0.0,0.0,1392863559988
ACC:0.0,0.0,0.0,1392863560023
ACC:0.0,0.0,0.0,1392863560053
ACC:0.0,0.0,0.0,1392863560063
ACC:0.0,0.0,0.0,1392863560081
ACC:0.0,0.0,0.0,1392863560150
ACC:0.0,0.0,0.0,1392863560185
ACC:0.0,0.0,0.0,1392863560208
ACC:0.0,0.0,0.0,1392863560235
ACC:0.0,0.0,0.0,1392863560243
ACC:0.0,0.0,0.0,1392863560263
ACC:0.0,0.0,0.0,1392863560285
ACC:0.0,0.0,0.0,1392863560325
ACC:0.0,0.0,0.0,1392863560345
ACC:0.0,0.0,0.0,1392863560362
ACC:0.0,0.0,0.0,1392863560383
ACC:0.0,0.0,0.0,1392863560411
ACC:0.0,0.0,0.0,1392863560427
ACC:0.0,0.0,0.0,1392863560462
ACC:0.0,0.0,0.0,1392863560496
ACC:0.0,0.0,0.0,1392863560503
ACC:0.0,0.0,0.0,1392863560523
ACC:0.0,0.0,0.0,1392863560541
ACC:0.0,0.0,0.0,1392863560562
ACC:0.0,0.0,0.0,1392863560589
ACC:0.0,0.0,0.0,1392863560605
ACC:0.0,0.0,0.0,1392863560621
ACC:0.0,0.0,0.0,1392863560642
ACC:0.0,0.0,0.0,1392863560662
ACC:0.0,0.0,0.0,1392863560687
ACC:0.0,0.0,0.0,1392863560704
ACC:0.0,0.0,0.0,1392863560721
ACC:0.0,0.0,0.0,1392863560742
ACC:0.0,0.0,0.0,1392863560763
ACC:0.0,0.0,0.0,1392863560790
ACC:0.0,0.0,0.0,1392863560807
ACC:0.0,0.0,0.0,1392863560825
ACC:0.0,0.0,0.0,1392863560843
ACC:0.0,0.0,0.0,1392863560896
ACC:0.0,0.0,0.0,1392863560904
ACC:0.0,0.0,0.0,1392863560924
ACC:0.0,0.0,0.0,1392863560947
ACC:0.0,0.0,0.0,1392863561003
ACC:0.0,0.0,0.0,1392863561021
ACC:0.0,0.0,0.0,1392863561044
ACC:0.0,0.0,0.0,1392863561114
ACC:0.0,0.0,0.0,1392863561165
GPS:34.0199586,-118.2897691,1392863561158
ACC:0.0,0.0,0.0,1392863561183
ACC:0.0,0.0,0.0,1392863561202
ACC:0.0,0.0,0.0,1392863561226
ACC:0.0,0.0,0.0,1392863561244
ACC:0.0,0.0,0.0,1392863561268
ACC:0.0,0.0,0.0,1392863561289
ACC:0.0,0.0,0.0,1392863561327
ACC:0.0,0.0,0.0,1392863561358
ACC:0.0,0.0,0.0,1392863561364
ACC:0.0,0.0,0.0,1392863561383
ACC:0.0,0.0,0.0,1392863561403
ACC:0.0,0.0,0.0,1392863561488
ACC:0.0,0.0,0.0,1392863561501
ACC:0.0,0.0,0.0,1392863561521
ACC:0.0,0.0,0.0,1392863561543
ACC:0.0,0.0,0.0,1392863561568
ACC:0.0,0.0,0.0,1392863561585
ACC:0.0,0.0,0.0,1392863561602
ACC:0.0,0.0,0.0,1392863561661
ACC:0.0,0.0,0.0,1392863561685
ACC:0.0,0.0,0.0,1392863561707
ACC:0.0,0.0,0.0,1392863561732
ACC:0.0,0.0,0.0,1392863561755
ACC:0.0,0.0,0.0,1392863561761
ACC:0.0,0.0,0.0,1392863561783
ACC:0.0,0.0,0.0,1392863561827
ACC:0.0,0.0,0.0,1392863561848
ACC:0.0,0.0,0.0,1392863561864
ACC:0.0,0.0,0.0,1392863561882
ACC:0.0,0.0,0.0,1392863561904
ACC:0.0,0.0,0.0,1392863561929
ACC:0.0,0.0,0.0,1392863561956
ACC:0.0,0.0,0.0,1392863561962
ACC:0.0,0.0,0.0,1392863561983
ACC:0.0,0.0,0.0,1392863562001
ACC:0.0,0.0,0.0,1392863562021
ACC:0.0,0.0,0.0,1392863562044
ACC:0.0,0.0,0.0,1392863562062
ACC:0.0,0.0,0.0,1392863562081
ACC:0.0,0.0,0.0,1392863562102
ACC:0.0,0.0,0.0,1392863562127
ACC:0.0,0.0,0.0,1392863562147
ACC:0.0,0.0,0.0,1392863562162
ACC:0.0,0.0,0.0,1392863562182
ACC:0.0,0.0,0.0,1392863562212
ACC:0.0,0.0,0.0,1392863562231
ACC:0.0,0.0,0.0,1392863562242
ACC:0.0,0.0,0.0,1392863562262
ACC:0.0,0.0,0.0,1392863562284
ACC:0.0,0.0,0.0,1392863562312
ACC:0.0,0.0,0.0,1392863562334
ACC:0.0,0.0,0.0,1392863562342
ACC:0.0,0.0,0.0,1392863562363
ACC:0.0,0.0,0.0,1392863562381
ACC:0.0,0.0,0.0,1392863562406
ACC:0.0,0.0,0.0,1392863562433
ACC:0.0,0.0,0.0,1392863562442
ACC:0.0,0.0,0.0,1392863562745
ACC:0.0,0.0,0.0,1392863563021
ACC:0.0,0.0,0.0,1392863563119
ACC:0.0,0.0,0.0,1392863563217
ACC:0.0,0.0,0.0,1392863563317
ACC:0.0,0.0,0.0,1392863563417
ACC:0.0,0.0,0.0,1392863563526
ACC:0.0,0.0,0.0,1392863563620
ACC:0.0,0.0,0.0,1392863563720
ACC:0.0,0.0,0.0,1392863563826
ACC:0.0,0.0,0.0,1392863563921
ACC:0.0,0.0,0.0,1392863564047
ACC:0.0,0.0,0.0,1392863564119
GPS:34.01995897,-118.28976867,1392863564168
ACC:0.0,0.0,0.0,1392863564215
ACC:0.0,0.0,0.0,1392863564317
ACC:0.0,0.0,2.2300625,1392863564418
ACC:0.0,0.0,2.1610556,1392863564548
ACC:0.0,0.0,0.0,1392863564619
ACC:0.0,0.0,0.0,1392863564720
ACC:0.0,0.0,0.0,1392863564824
ACC:-2.812801,0.0,2.1674924,1392863564918
ACC:0.0,0.0,0.0,1392863565027
ACC:0.0,0.0,0.0,1392863565118
ACC:0.0,0.0,3.4293685,1392863565221
ACC:0.0,4.317023,0.0,1392863565320
ACC:0.0,0.0,-2.7259817,1392863565418
ACC:0.0,0.0,0.0,1392863565532
ACC:0.0,0.0,0.0,1392863565617
ACC:0.0,0.0,0.0,1392863565719
ACC:0.0,0.0,0.0,1392863565822
ACC:0.0,0.0,0.0,1392863565920
ACC:0.0,0.0,0.0,1392863566029
ACC:0.0,0.0,0.0,1392863566118
ACC:0.0,0.0,0.0,1392863566221
ACC:0.0,0.0,0.0,1392863566327
ACC:0.0,0.0,0.0,1392863566418
ACC:0.0,0.0,0.0,1392863566519
ACC:0.0,0.0,0.0,1392863566617
ACC:0.0,0.0,0.0,1392863566716
ACC:0.0,0.0,0.0,1392863566816
ACC:0.0,0.0,0.0,1392863566918
ACC:0.0,0.0,0.0,1392863567119
ACC:0.0,0.0,0.0,1392863567228
GPS:34.01995917,-118.28976849,1392863567200
ACC:0.0,0.0,0.0,1392863567318
ACC:0.0,0.0,0.0,1392863567417
ACC:0.0,0.0,0.0,1392863567517
ACC:0.0,0.0,0.0,1392863567623
ACC:0.0,0.0,0.0,1392863567718
ACC:0.0,0.0,0.0,1392863567830
ACC:0.0,0.0,0.0,1392863567917
ACC:0.0,0.0,0.0,1392863568135
ACC:0.0,0.0,0.0,1392863568165
ACC:0.0,0.0,0.0,1392863568192
ACC:0.0,0.0,0.0,1392863568204
ACC:0.0,0.0,0.0,1392863568226
ACC:0.0,0.0,0.0,1392863568270
ACC:0.0,0.0,0.0,1392863568364
ACC:0.0,0.0,0.0,1392863568395
ACC:0.0,0.0,0.0,1392863568467
ACC:0.0,0.0,0.0,1392863568496
ACC:0.0,0.0,0.0,1392863568526
ACC:0.0,0.0,0.0,1392863568546
ACC:0.0,0.0,0.0,1392863568585
ACC:0.0,0.0,0.0,1392863568606
ACC:0.0,0.0,0.0,1392863568629
ACC:0.0,0.0,0.0,1392863568647
ACC:0.0,0.0,0.0,1392863568663
ACC:0.0,0.0,0.0,1392863568724
ACC:0.0,0.0,0.0,1392863568748
ACC:0.0,0.0,0.0,1392863568773
ACC:0.0,0.0,0.0,1392863568782
ACC:0.0,0.0,0.0,1392863568805
ACC:0.0,0.0,0.0,1392863568826
ACC:0.0,0.0,0.0,1392863568851
ACC:0.0,0.0,0.0,1392863568862
ACC:0.0,0.0,0.0,1392863568882
ACC:0.0,0.0,0.0,1392863568902
ACC:0.0,0.0,0.0,1392863568928
ACC:0.0,0.0,0.0,1392863568946
ACC:0.0,0.0,0.0,1392863568970
ACC:0.0,0.0,0.0,1392863568984
ACC:0.0,0.0,0.0,1392863569002
ACC:0.0,0.0,0.0,1392863569030
ACC:0.0,0.0,0.0,1392863569056
ACC:0.0,0.0,0.0,1392863569063
ACC:0.0,0.0,0.0,1392863569082
ACC:0.0,0.0,0.0,1392863569104
ACC:0.0,0.0,0.0,1392863569129
ACC:0.0,0.0,0.0,1392863569147
ACC:0.0,0.0,0.0,1392863569164
ACC:0.0,0.0,0.0,1392863569193
ACC:0.0,0.0,0.0,1392863569212
ACC:0.0,0.0,0.0,1392863569245
ACC:0.0,0.0,0.0,1392863569262
ACC:0.0,0.0,0.0,1392863569282
ACC:0.0,0.0,0.0,1392863569311
ACC:0.0,0.0,0.0,1392863569336
ACC:0.0,0.0,0.0,1392863569361
ACC:0.0,0.0,0.0,1392863569386
ACC:0.0,0.0,0.0,1392863569409
ACC:0.0,0.0,0.0,1392863569428
ACC:0.0,0.0,0.0,1392863569446
ACC:0.0,0.0,0.0,1392863569465
ACC:0.0,0.0,0.0,1392863569484
ACC:0.0,0.0,0.0,1392863569508
ACC:0.0,0.0,0.0,1392863569523
ACC:0.0,0.0,0.0,1392863569542
ACC:0.0,0.0,0.0,1392863569562
ACC:0.0,0.0,0.0,1392863569590
ACC:0.0,0.0,0.0,1392863569614
ACC:0.0,0.0,0.0,1392863569621
ACC:0.0,0.0,0.0,1392863569642
ACC:0.0,0.0,0.0,1392863569663
ACC:0.0,0.0,0.0,1392863569692
ACC:0.0,0.0,0.0,1392863569713
ACC:0.0,0.0,0.0,1392863569724
ACC:0.0,0.0,0.0,1392863569748
ACC:0.0,0.0,0.0,1392863569765
ACC:0.0,0.0,0.0,1392863569824
ACC:0.0,0.0,0.0,1392863569845
ACC:0.0,0.0,0.0,1392863569873
ACC:0.0,0.0,0.0,1392863569907
ACC:0.0,0.0,0.0,1392863569925
ACC:0.0,0.0,0.0,1392863569943
ACC:0.0,0.0,0.0,1392863569970
ACC:0.0,0.0,0.0,1392863569991
ACC:0.0,0.0,0.0,1392863570008
ACC:0.0,0.0,0.0,1392863570026
ACC:0.0,0.0,0.0,1392863570070
ACC:0.0,0.0,0.0,1392863570268
GPS:34.01995919,-118.2897685,1392863570156
ACC:0.0,0.0,0.0,1392863570286
ACC:0.0,0.0,0.0,1392863570316
ACC:0.0,0.0,0.0,1392863570347
ACC:0.0,0.0,0.0,1392863570366
ACC:0.0,0.0,0.0,1392863570385
ACC:0.0,0.0,0.0,1392863570403
ACC:0.0,0.0,0.0,1392863570423
ACC:0.0,0.0,0.0,1392863570451
ACC:0.0,0.0,0.0,1392863570468
ACC:0.0,0.0,0.0,1392863570485
ACC:0.0,0.0,0.0,1392863570504
ACC:0.0,0.0,0.0,1392863570522
ACC:0.0,0.0,0.0,1392863570542
ACC:0.0,0.0,0.0,1392863570565
ACC:0.0,0.0,0.0,1392863570583
ACC:0.0,0.0,0.0,1392863570602
ACC:0.0,0.0,0.0,1392863570622
ACC:0.0,0.0,0.0,1392863570649
ACC:0.0,0.0,0.0,1392863570668
ACC:0.0,0.0,0.0,1392863570683
ACC:0.0,0.0,0.0,1392863570702
ACC:0.0,0.0,0.0,1392863570722
ACC:0.0,0.0,0.0,1392863570747
ACC:0.0,0.0,0.0,1392863570764
ACC:0.0,0.0,0.0,1392863570784
ACC:0.0,0.0,0.0,1392863570802
ACC:0.0,0.0,0.0,1392863570823
ACC:0.0,0.0,0.0,1392863570852
ACC:0.0,0.0,0.0,1392863570869
ACC:0.0,0.0,0.0,1392863570892
ACC:0.0,0.0,0.0,1392863570901
ACC:0.0,0.0,0.0,1392863570925
ACC:0.0,0.0,0.0,1392863570962
ACC:0.0,0.0,0.0,1392863570988
ACC:0.0,0.0,0.0,1392863571003
ACC:0.0,0.0,0.0,1392863571025
ACC:0.0,0.0,0.0,1392863571056
ACC:0.0,0.0,0.0,1392863571100
ACC:0.0,0.0,0.0,1392863571124
ACC:0.0,0.0,0.0,1392863571147
ACC:0.0,0.0,0.0,1392863571165
ACC:0.0,0.0,0.0,1392863571182
ACC:0.0,0.0,0.0,1392863571203
ACC:0.0,0.0,0.0,1392863571230
ACC:0.0,0.0,0.0,1392863571246
ACC:0.0,0.0,0.0,1392863571262
ACC:0.0,0.0,0.0,1392863571303
ACC:0.0,0.0,0.0,1392863571328
ACC:0.0,0.0,0.0,1392863571345
ACC:0.0,0.0,0.0,1392863571362
ACC:0.0,0.0,0.0,1392863571381
ACC:0.0,0.0,0.0,1392863571404
ACC:0.0,0.0,0.0,1392863571424
ACC:0.0,0.0,0.0,1392863571442
ACC:0.0,0.0,0.0,1392863571462
ACC:0.0,0.0,0.0,1392863571484
ACC:0.0,0.0,0.0,1392863571507
ACC:0.0,0.0,0.0,1392863571528
ACC:0.0,0.0,0.0,1392863571542
ACC:0.0,0.0,0.0,1392863571562
ACC:0.0,0.0,0.0,1392863571582
ACC:0.0,0.0,0.0,1392863571608
ACC:0.0,0.0,0.0,1392863571634
ACC:0.0,0.0,0.0,1392863571642
ACC:0.0,0.0,0.0,1392863571662
ACC:0.0,0.0,0.0,1392863571928
ACC:0.0,0.0,0.0,1392863572027
ACC:0.0,0.0,0.0,1392863572226
ACC:0.0,0.0,0.0,1392863572325
ACC:0.0,0.0,0.0,1392863572426
ACC:0.0,0.0,0.0,1392863572528
ACC:0.0,0.0,0.0,1392863572631
ACC:0.0,0.0,0.0,1392863572726
ACC:0.0,0.0,0.0,1392863572826
ACC:0.0,0.0,0.0,1392863572936
ACC:0.0,0.0,0.0,1392863573045
ACC:0.0,0.0,0.0,1392863573130
GPS:34.01995917,-118.28976848,1392863573204
ACC:0.0,0.0,0.0,1392863573234
ACC:0.0,0.0,0.0,1392863573325
ACC:0.0,0.0,0.0,1392863573429
ACC:0.0,0.0,0.0,1392863573529
ACC:0.0,0.0,0.0,1392863573628
ACC:0.0,0.0,0.0,1392863573726
ACC:0.0,0.0,0.0,1392863573826
ACC:0.0,0.0,0.0,1392863573927
ACC:0.0,0.0,0.0,1392863574030
ACC:0.0,0.0,0.0,1392863574129
ACC:0.0,0.0,0.0,1392863574231
ACC:0.0,0.0,0.0,1392863574335
ACC:0.0,0.0,0.0,1392863574427
ACC:0.0,0.0,0.0,1392863574555
ACC:0.0,0.0,0.0,1392863574629
ACC:0.0,0.0,0.0,1392863574728
ACC:0.0,0.0,0.0,1392863574829
ACC:0.0,0.0,0.0,1392863574930
ACC:0.0,0.0,0.0,1392863575070
ACC:0.0,0.0,0.0,1392863575127
ACC:0.0,0.0,0.0,1392863575226
ACC:0.0,0.0,0.0,1392863575327
ACC:0.0,0.0,0.0,1392863575431
ACC:0.0,0.0,0.0,1392863575565
ACC:0.0,0.0,0.0,1392863575626
ACC:0.0,0.0,0.0,1392863575727
ACC:0.0,0.0,0.0,1392863575831
ACC:0.0,0.0,0.0,1392863575927
ACC:0.0,0.0,0.0,1392863576035
GPS:34.01995916,-118.28976847,1392863576191
ACC:0.0,0.0,0.0,1392863576225
ACC:0.0,0.0,0.0,1392863576325
ACC:0.0,0.0,0.0,1392863576427
ACC:0.0,0.0,0.0,1392863576525
ACC:0.0,0.0,0.0,1392863576628
ACC:0.0,0.0,0.0,1392863576726
ACC:0.0,0.0,0.0,1392863576826
ACC:0.0,0.0,0.0,1392863576927
ACC:0.0,0.0,0.0,1392863577130
ACC:0.0,0.0,0.0,1392863577225
ACC:0.0,0.0,0.0,1392863577325
ACC:0.0,0.0,0.0,1392863577426
ACC:0.0,0.0,0.0,1392863577525
ACC:0.0,0.0,0.0,1392863577625
ACC:0.0,0.0,0.0,1392863577725
ACC:0.0,0.0,0.0,1392863577825
ACC:0.0,0.0,0.0,1392863577925
ACC:0.0,0.0,0.0,1392863578030
ACC:0.0,0.0,0.0,1392863578137
ACC:0.0,0.0,0.0,1392863578230
ACC:0.0,0.0,0.0,1392863578330
ACC:0.0,0.0,0.0,1392863578431
ACC:0.0,0.0,0.0,1392863578529
ACC:0.0,0.0,0.0,1392863578646
ACC:0.0,0.0,0.0,1392863578744
ACC:0.0,0.0,0.0,1392863578828
ACC:0.0,0.0,0.0,1392863578928
ACC:0.0,0.0,0.0,1392863579029
ACC:0.0,0.0,0.0,1392863579145
GPS:34.01995917,-118.28976849,1392863579193
ACC:0.0,0.0,0.0,1392863579224
ACC:0.0,0.0,0.0,1392863579325
ACC:0.0,0.0,0.0,1392863579425
ACC:0.0,0.0,0.0,1392863579530
ACC:0.0,0.0,0.0,1392863579627
ACC:0.0,0.0,0.0,1392863579733
ACC:0.0,0.0,0.0,1392863579830
ACC:0.0,0.0,0.0,1392863579926
ACC:0.0,0.0,0.0,1392863580028
ACC:0.0,0.0,0.0,1392863580173
ACC:0.0,0.0,0.0,1392863580228
ACC:0.0,0.0,0.0,1392863580325
ACC:0.0,0.0,0.0,1392863580425
ACC:0.0,0.0,0.0,1392863580525
ACC:0.0,0.0,0.0,1392863580630
ACC:0.0,0.0,0.0,1392863580725
ACC:0.0,0.0,0.0,1392863580825
ACC:0.0,0.0,0.0,1392863580929
ACC:0.0,0.0,0.0,1392863581025
ACC:0.0,0.0,0.0,1392863581126
ACC:0.0,0.0,0.0,1392863581225
ACC:0.0,0.0,0.0,1392863581325
ACC:0.0,0.0,0.0,1392863581426
ACC:0.0,0.0,0.0,1392863581525
ACC:0.0,0.0,0.0,1392863581626
ACC:0.0,0.0,0.0,1392863581726
ACC:0.0,0.0,0.0,1392863581830
ACC:0.0,0.0,0.0,1392863581929
ACC:0.0,0.0,0.0,1392863582029
ACC:0.0,0.0,0.0,1392863582132
GPS:34.01995912,-118.28976847,1392863582204
ACC:0.0,0.0,0.0,1392863582227
ACC:0.0,0.0,0.0,1392863582325
ACC:0.0,0.0,0.0,1392863582427
ACC:0.0,0.0,0.0,1392863582525
ACC:0.0,0.0,0.0,1392863582624
ACC:0.0,0.0,0.0,1392863582728
ACC:0.0,0.0,0.0,1392863582826
ACC:0.0,0.0,0.0,1392863582925
ACC:0.0,0.0,0.0,1392863583025
ACC:0.0,0.0,0.0,1392863583124
ACC:0.0,0.0,0.0,1392863583225
ACC:0.0,0.0,0.0,1392863583324
ACC:0.0,0.0,0.0,1392863583425
ACC:0.0,0.0,0.0,1392863583525
ACC:0.0,0.0,0.0,1392863583636
ACC:0.0,0.0,0.0,1392863583729
ACC:0.0,0.0,0.0,1392863583830
ACC:0.0,0.0,0.0,1392863583929
ACC:0.0,0.0,0.0,1392863584031
ACC:0.0,0.0,0.0,1392863584138
ACC:0.0,0.0,0.0,1392863584229
ACC:0.0,0.0,0.0,1392863584329
ACC:0.0,0.0,0.0,1392863584429
ACC:0.0,0.0,0.0,1392863584529
ACC:0.0,0.0,0.0,1392863584630
ACC:0.0,0.0,0.0,1392863584741
ACC:0.0,0.0,0.0,1392863584828
ACC:0.0,0.0,0.0,1392863584925
ACC:0.0,0.0,0.0,1392863585026
ACC:0.0,0.0,0.0,1392863585130
GPS:34.01995913,-118.28976848,1392863585158
ACC:0.0,0.0,0.0,1392863585225
ACC:0.0,0.0,0.0,1392863585325
ACC:0.0,0.0,0.0,1392863585426
ACC:0.0,0.0,0.0,1392863585526
ACC:0.0,0.0,0.0,1392863585630
ACC:0.0,0.0,0.0,1392863585736
ACC:0.0,0.0,0.0,1392863585827
ACC:0.0,0.0,0.0,1392863585929
ACC:0.0,0.0,0.0,1392863586029
ACC:0.0,0.0,0.0,1392863586129
ACC:0.0,0.0,0.0,1392863586230
ACC:0.0,0.0,0.0,1392863586332
ACC:0.0,0.0,0.0,1392863586426
ACC:0.0,0.0,0.0,1392863586529
ACC:0.0,0.0,0.0,1392863586626
ACC:0.0,0.0,0.0,1392863586739
ACC:0.0,0.0,0.0,1392863586828
ACC:0.0,0.0,0.0,1392863586932
ACC:0.0,0.0,0.0,1392863587028
ACC:0.0,0.0,0.0,1392863587129
ACC:0.0,0.0,0.0,1392863587227
ACC:0.0,0.0,0.0,1392863587337
ACC:0.0,0.0,0.0,1392863587426
ACC:0.0,0.0,0.0,1392863587525
ACC:0.0,0.0,0.0,1392863587625
ACC:0.0,0.0,0.0,1392863587726
ACC:0.0,0.0,0.0,1392863587857
ACC:0.0,0.0,0.0,1392863587927
ACC:0.0,0.0,0.0,1392863588029
ACC:0.0,0.0,0.0,1392863588128
GPS:34.01995909,-118.28976847,1392863588162
ACC:0.0,0.0,0.0,1392863588226
ACC:0.0,0.0,0.0,1392863588325
ACC:0.0,0.0,0.0,1392863588426
ACC:0.0,0.0,0.0,1392863588526
ACC:0.0,0.0,0.0,1392863588629
ACC:0.0,0.0,0.0,1392863588833
ACC:0.0,0.0,0.0,1392863588926
ACC:0.0,0.0,0.0,1392863589024
ACC:0.0,0.0,0.0,1392863589130
ACC:0.0,0.0,0.0,1392863589229
ACC:0.0,0.0,0.0,1392863589349
ACC:0.0,0.0,0.0,1392863589429
ACC:0.0,0.0,0.0,1392863589529
ACC:0.0,0.0,0.0,1392863589629
ACC:0.0,0.0,0.0,1392863589729
ACC:0.0,0.0,0.0,1392863589845
ACC:0.0,0.0,0.0,1392863589927
ACC:0.0,0.0,0.0,1392863590032
ACC:0.0,0.0,0.0,1392863590128
ACC:0.0,0.0,0.0,1392863590230
ACC:0.0,0.0,0.0,1392863590346
ACC:0.0,0.0,0.0,1392863590427
ACC:0.0,0.0,0.0,1392863590530
ACC:0.0,0.0,0.0,1392863590629
ACC:0.0,0.0,0.0,1392863590729
ACC:0.0,0.0,0.0,1392863590851
ACC:0.0,0.0,0.0,1392863590928
ACC:0.0,0.0,0.0,1392863591031
ACC:0.0,0.0,0.0,1392863591131
GPS:34.01995907,-118.28976846,1392863591163
ACC:0.0,0.0,0.0,1392863591225
ACC:0.0,0.0,0.0,1392863591330
ACC:0.0,0.0,0.0,1392863591428
ACC:0.0,0.0,0.0,1392863591539
ACC:0.0,0.0,0.0,1392863591630
ACC:0.0,0.0,0.0,1392863591730
ACC:0.0,0.0,0.0,1392863591831
ACC:0.0,0.0,0.0,1392863591931
ACC:0.0,0.0,0.0,1392863592027
ACC:0.0,0.0,0.0,1392863592125
ACC:0.0,0.0,0.0,1392863592226
ACC:0.0,0.0,0.0,1392863592339
ACC:0.0,0.0,0.0,1392863592429
ACC:0.0,0.0,0.0,1392863592536
ACC:0.0,0.0,0.0,1392863592626
ACC:0.0,0.0,0.0,1392863592726
ACC:0.0,0.0,0.0,1392863592827
ACC:0.0,0.0,0.0,1392863592935
null
